 KB  MULADD  LAT  PREF NB  MU  NU  KU  FFTCH  IFTCH  NFTCH  GEN-MFLOP  SPC-MFLOP
 80       0    4    1  80   6   1  80      1      3      3    5593.16    5300.71
 79       0    4    1  80   6   1  79      1      3      3    5516.89    5370.74
 78       0    4    1  80   6   1  78      1      3      3    5552.74    5404.67
 77       0    4    1  80   6   1  77      1      3      3    5518.02    5371.85
 76       0    4    1  80   6   1  76      1      3      3    5519.15    5372.95
 75       0    4    1  80   6   1  75      1      3      3    5556.16    5336.84
 74       0    4    1  80   6   1  74      1      3      3    5553.45    5369.56
 73       0    4    1  80   6   1  73      1      3      3    5555.20    5371.25
 72       0    4    1  80   6   1  72      1      3      3    5554.85    5335.58
 71       0    4    1  80   6   1  71      1      3      3    5590.69    5368.54
 70       0    4    1  80   6   1  70      1      3      3    5553.97    5334.74
 69       0    4    1  80   6   1  69      1      3      3    5515.49    5334.06
 68       0    4    1  80   6   1  68      1      3      3    5556.25    5372.27
 67       0    4    1  80   6   1  67      1      3      3    5481.69    5337.43
 66       0    4    1  80   6   1  66      1      3      3    5517.06    5300.71
 65       0    4    1  80   6   1  65      1      3      3    5481.08    5300.71
  0       0    3    1  80   6   1   1      1      3      3    5165.66    5300.71
