 KB  MULADD  LAT  PREF NB  MU  NU  KU  FFTCH  IFTCH  NFTCH  GEN-MFLOP  SPC-MFLOP
 72       0    4    0  72   6   1  72      0      2      1    5754.90    5482.71
 71       0    4    0  72   6   1  71      0      2      1    5714.06    5482.41
 70       0    4    0  72   6   1  70      0      2      1    5754.61    5482.43
 69       0    4    0  72   6   1  69      0      2      1    5754.85    5445.86
 68       0    4    0  72   6   1  68      0      2      1    5753.95    5445.01
 67       0    4    0  72   6   1  67      0      2      1    5713.79    5445.36
 66       0    4    0  72   6   1  66      0      2      1    5754.57    5445.60
 65       0    4    0  72   6   1  65      0      2      1    5714.08    5445.64
 64       0    4    0  72   6   1  64      0      2      1    5713.79    5409.61
 63       0    4    0  72   6   1  63      0      2      1    5714.21    5445.76
 62       0    4    0  72   6   1  62      0      2      1    5754.57    5445.60
 61       0    4    0  72   6   1  61      0      2      1    5754.83    5409.61
 60       0    4    0  72   6   1  60      0      2      1    5754.24    5409.61
 59       0    4    0  72   6   1  59      0      2      1    5634.97    5409.61
 58       0    4    0  72   6   1  58      0      2      1    5713.83    5409.61
 57       0    4    0  72   6   1  57      0      2      1    5754.68    5409.61
 56       0    4    0  72   6   1  56      0      2      1    5754.61    5409.61
 55       0    4    0  72   6   1  55      0      2      1    5753.96    5409.61
 54       0    4    0  72   6   1  54      0      2      1    5754.57    5409.61
 53       0    4    0  72   6   1  53      0      2      1    5754.20    5409.61
 52       0    4    0  72   6   1  52      0      2      1    5754.61    5409.61
 51       0    4    0  72   6   1  51      0      2      1    5754.57    5409.61
 50       0    4    0  72   6   1  50      0      2      1    5754.79    5409.61
 49       0    4    0  72   6   1  49      0      2      1    5713.57    5409.61
 48       0    4    0  72   6   1  48      0      2      1    5714.37    5409.61
 47       0    4    0  72   6   1  47      0      2      1    5754.24    5409.61
 46       0    4    0  72   6   1  46      0      2      1    5754.42    5409.61
 45       0    4    0  72   6   1  45      0      2      1    5713.72    5409.61
 44       0    4    0  72   6   1  44      0      2      1    5754.17    5409.61
 43       0    4    0  72   6   1  43      0      2      1    5754.61    5409.61
 42       0    4    0  72   6   1  42      0      2      1    5754.35    5409.61
 41       0    4    0  72   6   1  41      0      2      1    5795.62    5409.61
 40       0    4    0  72   6   1  40      0      2      1    5754.61    5409.61
 39       0    4    0  72   6   1  39      0      2      1    5714.32    5409.61
 38       0    4    0  72   6   1  38      0      2      1    5754.68    5409.61
 37       0    4    0  72   6   1  37      0      2      1    5754.92    5409.61
 36       0    4    0  72   6   1  36      0      2      1    5754.90    5409.61
 35       0    4    0  72   6   1  35      0      2      1    5754.61    5409.61
 34       0    4    0  72   6   1  34      0      2      1    5754.57    5409.61
 33       0    4    0  72   6   1  33      0      2      1    5754.57    5409.61
 32       0    4    0  72   6   1  32      0      2      1    5754.90    5409.61
 31       0    4    0  72   6   1  31      0      2      1    5754.57    5409.61
 30       0    4    0  72   6   1  30      0      2      1    5714.27    5409.61
 29       0    4    0  72   6   1  29      0      2      1    5754.88    5409.61
 28       0    4    0  72   6   1  28      0      2      1    5714.08    5409.61
 27       0    4    0  72   6   1  27      0      2      1    5714.05    5409.61
 26       0    4    0  72   6   1  26      0      2      1    5714.08    5409.61
 25       0    4    0  72   6   1  25      0      2      1    5754.79    5409.61
 24       0    4    0  72   6   1  24      0      2      1    5754.90    5409.61
 23       0    4    0  72   6   1  23      0      2      1    5754.85    5409.61
 22       0    4    0  72   6   1  22      0      2      1    5754.57    5409.61
 21       0    4    0  72   6   1  21      0      2      1    5754.74    5409.61
 20       0    4    0  72   6   1  20      0      2      1    5754.61    5409.61
 19       0    4    0  72   6   1  19      0      2      1    5754.68    5409.61
 18       0    4    0  72   6   1  18      0      2      1    5754.90    5409.61
 17       0    4    0  72   6   1  17      0      2      1    5754.88    5409.61
 16       0    4    0  72   6   1  16      0      2      1    5754.90    5409.61
 15       0    4    0  72   6   1  15      0      2      1    5754.79    5409.61
 14       0    4    0  72   6   1  14      0      2      1    5754.86    5409.61
 13       0    4    0  72   6   1  13      0      2      1    5754.85    5409.61
 12       0    4    0  72   6   1  12      0      2      1    5754.90    5409.61
 11       0    4    0  72   6   1  11      0      2      1    5754.77    5409.61
 10       0    4    0  72   6   1  10      0      2      1    5754.79    5409.61
  9       0    4    0  72   6   1   9      0      2      1    5754.90    5409.61
  8       0    4    0  72   6   1   8      0      2      1    5714.37    5409.61
  7       0    4    0  72   6   1   7      0      2      1    5754.86    5409.61
  6       0    4    0  72   6   1   6      0      2      1    5714.37    5409.61
  5       0    4    0  72   6   1   5      0      2      1    5714.36    5409.61
  4       0    4    0  72   6   1   4      0      2      1    5674.41    5409.61
  3       0    4    0  72   6   1   3      0      2      1    5674.41    5409.61
  2       0    4    0  72   6   1   2      0      2      1    5596.15    5409.61
  0       0    3    0  72   6   1   1      0      2      1    4533.20    5409.61
