 KB  MULADD  LAT  PREF NB  MU  NU  KU  FFTCH  IFTCH  NFTCH  GEN-MFLOP  SPC-MFLOP
 56       0    3    0  56   2   4  56      0      2      1    5673.75    5482.07
 55       0    3    0  56   2   4  55      0      2      1    5673.75    5519.36
 54       0    3    0  56   2   4  54      0      2      1    5672.43    5480.80
 53       0    3    0  56   2   4  53      0      2      1    5714.28    5482.62
 52       0    3    0  56   2   4  52      0      2      1    5672.17    5408.97
 51       0    3    0  56   2   4  51      0      2      1    5672.69    5481.05
 50       0    3    0  56   2   4  50      0      2      1    5713.26    5481.64
 49       0    3    0  56   2   4  49      0      2      1    5713.70    5482.07
 48       0    3    0  56   2   4  48      0      2      1    5673.75    5445.27
 47       0    3    0  56   2   4  47      0      2      1    5633.65    5444.60
 46       0    3    0  56   2   4  46      0      2      1    5673.40    5444.94
 45       0    3    0  56   2   4  45      0      2      1    5714.37    5482.70
 44       0    3    0  56   2   4  44      0      2      1    5713.70    5408.97
 43       0    3    0  56   2   4  43      0      2      1    5713.00    5444.60
 42       0    3    0  56   2   4  42      0      2      1    5713.70    5408.97
 41       0    3    0  56   2   4  41      0      2      1    5673.53    5408.97
 40       0    3    0  56   2   4  40      0      2      1    5673.75    5408.97
 39       0    3    0  56   2   4  39      0      2      1    5673.88    5408.97
 38       0    3    0  56   2   4  38      0      2      1    5673.40    5408.97
 37       0    3    0  56   2   4  37      0      2      1    5673.40    5408.97
 36       0    3    0  56   2   4  36      0      2      1    5633.82    5408.97
 35       0    3    0  56   2   4  35      0      2      1    5634.35    5408.97
 34       0    3    0  56   2   4  34      0      2      1    5674.19    5408.97
 33       0    3    0  56   2   4  33      0      2      1    5673.75    5408.97
 32       0    3    0  56   2   4  32      0      2      1    5673.05    5408.97
 31       0    3    0  56   2   4  31      0      2      1    5673.88    5408.97
 30       0    3    0  56   2   4  30      0      2      1    5673.75    5408.97
 29       0    3    0  56   2   4  29      0      2      1    5674.14    5408.97
 28       0    3    0  56   2   4  28      0      2      1    5634.35    5408.97
 27       0    3    0  56   2   4  27      0      2      1    5519.23    5408.97
 26       0    3    0  56   2   4  26      0      2      1    5633.91    5408.97
 25       0    3    0  56   2   4  25      0      2      1    5674.41    5408.97
 24       0    3    0  56   2   4  24      0      2      1    5634.35    5408.97
 23       0    3    0  56   2   4  23      0      2      1    5635.00    5408.97
  0       0    4    0  56   2   4   1      0      2      1    5445.27    5408.97
